0
10 14
19
6
19
12
17
11
5
11
10
17
7 9 7
6 7 8
7 8 19
1 9 4
5 9 7
3 9 5
1 3 12
0 1 14
1 2 14
5 6 12
3 4 4
2 3 5
3 5 18
4 5 7
1
11 18
6
12
9
12
19
14
8
18
19
8
14
4 6 1
6 7 10
1 6 14
2 6 14
5 6 9
0 4 14
3 4 5
4 5 0
4 10 0
4 9 1
4 8 0
0 1 13
7 8 11
7 9 10
2 3 12
8 9 1
1 2 12
2 10 15
2
11 17
15
10
11
0
3
10
19
13
2
13
5
4 5 9
4 9 1
2 4 17
1 4 9
4 10 1
5 10 4
5 6 12
9 10 14
8 9 11
6 9 10
1 2 4
2 3 1
0 1 14
1 10 4
7 10 14
6 7 10
7 8 11
3
10 14
2
17
8
9
12
9
10
11
0
7
4 6 1
6 7 4
5 6 3
4 5 12
1 4 5
2 4 14
4 7 18
2 7 9
7 8 1
7 9 3
2 3 14
1 2 6
8 9 5
0 1 6
4
12 21
7
16
3
5
1
12
1
14
9
15
9
8
6 11 0
5 6 14
6 7 9
6 10 2
10 11 14
9 11 10
4 11 0
1 11 17
9 10 18
4 10 2
4 5 14
5 8 12
8 9 18
4 8 3
3 4 19
4 7 9
0 8 5
7 8 15
1 2 12
0 1 8
2 3 1
